# vsrc_VGND.txt — svm_compute_core, VGND
# Die: 1400 x 1400 µm  |  IHP SG13G2  |  TopMetal1 full-mesh PDN
# 19 vertical straps at 75.6 µm pitch, offset +6.2 µm from VPWR straps
# Sources at top and bottom of each strap = 38 points
# Format: x(µm)  y(µm)  size(µm)
   25.56   14.49   2.2
  101.16   14.49   2.2
  176.76   14.49   2.2
  252.36   14.49   2.2
  327.96   14.49   2.2
  403.56   14.49   2.2
  479.16   14.49   2.2
  554.76   14.49   2.2
  630.36   14.49   2.2
  705.96   14.49   2.2
  781.56   14.49   2.2
  857.16   14.49   2.2
  932.76   14.49   2.2
 1008.36   14.49   2.2
 1083.96   14.49   2.2
 1159.56   14.49   2.2
 1235.16   14.49   2.2
 1310.76   14.49   2.2
 1386.36   14.49   2.2
   25.56 1384.11   2.2
  101.16 1384.11   2.2
  176.76 1384.11   2.2
  252.36 1384.11   2.2
  327.96 1384.11   2.2
  403.56 1384.11   2.2
  479.16 1384.11   2.2
  554.76 1384.11   2.2
  630.36 1384.11   2.2
  705.96 1384.11   2.2
  781.56 1384.11   2.2
  857.16 1384.11   2.2
  932.76 1384.11   2.2
 1008.36 1384.11   2.2
 1083.96 1384.11   2.2
 1159.56 1384.11   2.2
 1235.16 1384.11   2.2
 1310.76 1384.11   2.2
 1386.36 1384.11   2.2
