# vsrc_VPWR.txt — svm_compute_core, VPWR
# Die: 1400 x 1400 µm  |  IHP SG13G2  |  TopMetal1 full-mesh PDN
# 19 vertical straps at 75.6 µm pitch (centerlines from svm_compute_core.lef)
# Sources at top and bottom of each strap = 38 points
# Format: x(µm)  y(µm)  size(µm)
   19.36   14.90   2.2
   94.96   14.90   2.2
  170.56   14.90   2.2
  246.16   14.90   2.2
  321.76   14.90   2.2
  397.36   14.90   2.2
  472.96   14.90   2.2
  548.56   14.90   2.2
  624.16   14.90   2.2
  699.76   14.90   2.2
  775.36   14.90   2.2
  850.96   14.90   2.2
  926.56   14.90   2.2
 1002.16   14.90   2.2
 1077.76   14.90   2.2
 1153.36   14.90   2.2
 1228.96   14.90   2.2
 1304.56   14.90   2.2
 1380.16   14.90   2.2
   19.36 1383.70   2.2
   94.96 1383.70   2.2
  170.56 1383.70   2.2
  246.16 1383.70   2.2
  321.76 1383.70   2.2
  397.36 1383.70   2.2
  472.96 1383.70   2.2
  548.56 1383.70   2.2
  624.16 1383.70   2.2
  699.76 1383.70   2.2
  775.36 1383.70   2.2
  850.96 1383.70   2.2
  926.56 1383.70   2.2
 1002.16 1383.70   2.2
 1077.76 1383.70   2.2
 1153.36 1383.70   2.2
 1228.96 1383.70   2.2
 1304.56 1383.70   2.2
 1380.16 1383.70   2.2
